- OS: Windows-11-10.0.26200-SP0 10.0.26200
- Python: 3.12.12
- Stable-Baselines3: 2.2.1
- PyTorch: 2.9.1+cpu
- GPU Enabled: False
- Numpy: 2.3.5
- Cloudpickle: 3.1.2
- Gymnasium: 0.29.1
- OpenAI Gym: 0.26.2
